p: [-1.7497654730546974]
q: [0.34268040332750216]